2348028299100
07013848964
08032284015
08061515075
08033662110
08023163544
07067213354
08142177989
08135690808
08185909057
07064351409
08057321169
08067053884
08031343314
09097558653
08076501285
08068630626
08028857748
07013848964
08056727167
09037475653
08033693029
08059294901
07087355310
08028547255
09037899364
07037303559
08108366434
08061676411
08025042130
07085889000
08083032120
08024663278
08031343314
07032437530
08136176628
08123269927
08039099939
08032365900
09091140638
08037443982
08060037321
08184384750
07063383135
08022922969
08067656697
08092193118
08060346775
07036868255
2438061210129
07039642811
08067595119
08136608495
08023508103
07053524773
08035606300
08069109994
07032168660
08033726315
2348055763532
07013480841
08034133962
08026161161
08137506964
08184352372
08059552489
08036697290
08160539629
08158431576
2348038505695
08113897970
08140712540
08177790353
08062694535
08033478793
08098695572
08023236615
2348035836996
08065333347
08144327159
08052165017
2347039163803
08074874066
08023725686
08050409278
08029509442
08034024265
08088735876
08069083668
08131529775
08024663278
08023426675
08029423287
08166109279
08097190904
07061357121
09099821026
08187590022
07030140715
07060865969
08026149430
08090371915
08023645775
07033435485
08034831711
08137755737
08037937422
08056624745
08156473843
08069083668
07089083718
08111110980
08032668115
07037277449
08093022751
08061670105
08064766258
08069503047
2348020976682
08140730692
08076812174
08036771856
07039864473
08182978329
08178461337
07016009735
2348032433876
08027573416
08027173628
07055663368
08143394244
08158764594
08034065704
08059241431
08063589758
08183019185
08087338966
07089135779
08037450922
08160442960
08023653418
07061568226
07033447001
08023977282
80835247852
08088016742
08068860436
08055214168
08144054773
08147539896
08126848248
08092925757
08087762331
08028291560
08082026736
08131012007
08177562556
08105721378
08032543608
08055285255
08175074800
07035534995
08137718744
08133641689
08036365600
0803 937 8234
07052730503
08073685961
07066227783
08053625420
08037163683
08177758845
09035352231
08135220123
07066151466
08066167843
08066012007
08097372230
08039613331
08081243005
08162554575
08029980003
08112022095
08064463626
08112109399
08033625379
07038883234
08169916990
08069631987
08029725996
08037797574
08142380599
08062770817
08164639716
08034378962
08032077809
08138739182
08100406902
08028037736
07066773834
08039090856
2348066600103
08106995739
08103822113
08027214943
08076966171
08030744672
08189705074
08063488281
08169718647
08053205118
08030566029
08031119701
07031252110
09091234770
08032527161
08067691156
08132613487
08032458053
08125903468
08161115721
08032230968
08038122160
08072827938
08055547528
08038559279
08179392210
08090416510
08095464924
08183577188
07036217255
08023114465
08033785784
08038383137
2348099323589
08103428188
07067123704
07063554285
07063715529
080 35212404
08089017327
08060533515
08023343321
07082999313
08066690921
08183073038
08032740027
08023961871
08091778461
08163474927
2347068054660
2348024916061
08076754685
08032458053
09037606029
07030916359
08061377438
08167073548
08039335336
07059526572
08035692014
08101089782
08036815312
08106901431
08033478074
08034669718
08036028837
07033993088
0809 906 9575
08033501149
08167445070
08068076197
08084117963
08035815736
07067435392
08062346641
07034672002
08031368983
08066034602
07064913662
08039535146
08022643525
08141667571
08062496018
2347031598162
08166385883
08138536597
08136076845
08063255842
08035239442
08063069346
08156115335
08039187208
08034193131
2348182940134
08179395432
07032566994
08034705572
07066310389
08032871007
08169880700
08188665049
07032847327
08142143433
09051711508
08035521164
08060886757
08104324234
08108520233
08098744466
08139719980
08080339692
09093934766
09095128717
08139439520
08065654168
08026994194
08120855697
08060336099
08102802757
08055300341
07038785826
08099526262
08100802025
08089626447
08036339047
08032426932
07066705860
08124284483
08100068623
08122896878
08167116053
08122234137
09032684775
08032849864
08105136157
07063785856
08147032640
2348038089779
08039206133
08189864453
08062627410
07037718230
08035704314
07013918033
08024313984
08026058251
07030783525
2347037411553
70334775616
08020770566
08038487800
08062176464
08064334722
08101069240
08087711991
08067949071
08138948726
08079679905
08032102023
08136076845
08032922117
08034865192
08123732873
2348032481999
08082146132
08026886560
08105146351
08072852871
08139243092
08169616616
07031042620
08032266554
07039267518
08060518560
07069692579
08028153054
08175544533
08105841029
08162983183
08184970800
08034773544
08075485972
2348106904418
07032234290
2349093832087
07032604960
08027754395
08162386113
07060920379
08084964392
08163323826
2348035447372
08086451639
08059074861
08122534528
07040107059
08023468728
2349093832087
2348077720205
08087762331
07031077823
08029489766
08064768342
08084964392
08068809385
08060026789
08028297863
08167094801
07036701858
08066242770
08060058566
08092186900
08123269927
07060402383
08066558221
2347065824436
08164630955
08036373064
08162434098
08182757739
08028840070
08061377438
08037892709
08187309195
09036804312
08022024275
08052100941
07065157007
07039547140
08038375706
08078640748
08038117598
08057206668
08024223111
08032447350
08090733473
08063385230
08135550814
08099886628
08038169907
07033767230
08120388897
08056254275
07038362145
08183586668
08104490868
08064717151
08034180915
08029737484
08033864427
2348025319688
08029292817
08188731293
08029919817
09022553680
08188295699
08101095135
08068301948
08023147834
08175881126
08144815756
08176354152
07033121665
08061686398
07060403370
08154135414
08055106185
08023413968